0.204999998975
0.134999999325
0.164999999175
0.2399999988
0.14999999925
0.234999998825
0.184999999075
0.214999998925
0.184999999075
0.16999999915
0.18999999905
0.194999999025
0.199999999
0.184999999075
0.16999999915
0.174999999125
0.1799999991
0.18999999905
0.1799999991
0.1599999992
0.164999999175
0.184999999075
0.199999999
0.18999999905
0.18999999905
0.2199999989
0.18999999905
0.244999998775
0.164999999175
0.1599999992
0.1799999991
0.224999998875
0.20999999895
0.22999999885
0.2199999989
0.18999999905
0.174999999125
0.204999998975
0.184999999075
0.2399999988
0.224999998875
0.1599999992
0.20999999895
0.174999999125
0.1599999992
0.204999998975
0.16999999915
0.1799999991
0.194999999025
0.199999999
0.184999999075
0.1399999993
0.1799999991
0.194999999025
0.1199999994
0.174999999125
0.174999999125
0.174999999125
0.224999998875
0.18999999905
0.16999999915
0.14999999925
0.184999999075
0.16999999915
0.18999999905
0.199999999
0.1799999991
0.199999999
0.194999999025
0.224999998875
0.16999999915
0.164999999175
0.20999999895
0.214999998925
0.22999999885
0.18999999905
0.174999999125
0.18999999905
0.16999999915
0.204999998975
0.164999999175
0.20999999895
0.1799999991
0.214999998925
0.18999999905
0.18999999905
0.184999999075
0.1799999991
0.194999999025
0.1799999991
0.20999999895
0.224999998875
0.194999999025
0.14999999925
0.18999999905
0.174999999125
0.18999999905
0.18999999905
0.20999999895
0.194999999025
0.1599999992
0.184999999075
0.20999999895
0.174999999125
0.1599999992
0.164999999175
0.2199999989
0.199999999
0.214999998925
0.1799999991
0.1399999993
0.1799999991
0.1799999991
0.154999999225
0.164999999175
0.204999998975
0.134999999325
0.244999998775
0.20999999895
0.12999999935
0.2199999989
0.234999998825
0.1599999992
0.164999999175
0.144999999275
0.194999999025
0.224999998875
0.194999999025
0.144999999275
0.164999999175
0.174999999125
0.14999999925
0.12999999935
0.154999999225
0.199999999
0.174999999125
0.224999998875
0.174999999125
0.16999999915
0.164999999175
0.144999999275
0.1599999992
0.199999999
0.184999999075
0.174999999125
0.1799999991
0.254999998725
0.184999999075
0.16999999915
0.18999999905
0.199999999
0.184999999075
0.20999999895
0.184999999075
0.164999999175
0.199999999
0.204999998975
0.18999999905
0.174999999125
0.16999999915
0.20999999895
0.2199999989
0.1799999991
0.194999999025
0.194999999025
0.18999999905
0.174999999125
0.154999999225
0.199999999
0.194999999025
0.214999998925
0.1799999991
0.18999999905
0.184999999075
0.154999999225
0.18999999905
0.2399999988
0.1599999992
0.199999999
0.174999999125
0.214999998925
0.199999999
0.1799999991
0.204999998975
0.18999999905
0.164999999175
0.22999999885
0.14999999925
0.16999999915
0.22999999885
0.1599999992
0.1399999993
0.2199999989
0.16999999915
0.1799999991
0.204999998975
0.20999999895
0.2199999989
0.174999999125
0.2399999988
